Centroid:  
[0.04166667 0.04166667 0.04166667 0.25       0.04166667 0.04166667
 0.04166667 0.04166667 0.04166667 0.04166667 0.04166667 0.04166667
 0.08333333 0.04166667 0.08333333 0.125      0.04166667 0.54166667
 0.04166667 0.04166667 0.04166667 0.25       0.08333333 0.04166667
 0.04166667 0.04166667 0.04166667 0.04166667 0.04166667 0.16666667
 0.08333333 0.08333333 0.04166667 0.04166667 0.04166667 0.08333333
 0.04166667 0.04166667 0.04166667 0.16666667 0.125      0.04166667
 0.08333333 0.04166667 0.04166667 0.04166667 0.04166667 0.04166667
 0.04166667 0.04166667 0.08333333 0.04166667 0.04166667 0.08333333
 0.04166667 0.04166667 0.04166667 0.04166667 0.04166667 0.08333333
 0.04166667 0.04166667 0.04166667 0.04166667 0.04166667 0.04166667
 0.16666667 0.08333333 0.04166667 0.04166667 0.04166667 0.125
 0.04166667 0.29166667 0.04166667 0.04166667 0.04166667 0.04166667
 0.04166667 0.04166667 0.04166667 0.04166667 0.04166667 0.08333333
 0.04166667 0.04166667 0.04166667 0.04166667 0.04166667 0.04166667
 0.04166667 0.04166667 0.04166667 0.04166667 0.04166667 0.04166667
 0.08333333 0.08333333 0.04166667 0.04166667 0.04166667 0.04166667
 0.04166667 0.04166667 0.08333333 0.33333333 0.04166667 0.04166667
 0.04166667 0.04166667 0.04166667 0.04166667 0.08333333 0.04166667
 0.04166667 0.04166667 0.04166667 0.08333333 0.04166667 0.04166667
 0.04166667 0.04166667 0.04166667 0.04166667 0.04166667 0.04166667
 0.04166667 0.04166667 0.04166667 0.04166667 0.04166667 0.04166667
 0.04166667 0.04166667 0.25       0.04166667 0.04166667 0.04166667
 0.04166667 0.04166667 0.04166667 0.04166667 0.04166667 0.04166667
 0.04166667 0.04166667 0.16666667 0.16666667 0.125      0.04166667
 0.04166667 0.04166667 0.04166667 0.04166667 0.08333333 0.04166667
 0.04166667 0.16666667 0.04166667 0.04166667 0.125      0.04166667
 0.16666667 0.04166667 0.04166667 0.04166667 0.125      0.04166667
 0.04166667 0.04166667 0.08333333 0.04166667 0.04166667 0.33333333
 0.125      0.20833333 0.04166667 0.125      0.04166667 0.16666667
 0.45833333 0.04166667 0.16666667 0.04166667 0.04166667 0.16666667
 0.29166667 0.04166667 0.04166667 0.125      0.04166667 0.08333333
 0.08333333 0.04166667 0.08333333 0.04166667 0.04166667 0.04166667
 0.04166667 0.04166667 0.04166667 0.04166667 0.04166667 0.04166667
 0.04166667 0.125      0.25       0.04166667 0.04166667 0.04166667
 0.04166667 0.04166667 0.04166667 0.04166667 0.08333333 0.04166667
 0.04166667 0.04166667 0.04166667 0.08333333 0.08333333 0.29166667
 0.04166667 0.04166667 0.04166667 0.04166667 0.04166667 0.04166667
 0.04166667 0.04166667 0.04166667 0.04166667 0.04166667 0.04166667
 0.04166667 0.04166667 0.04166667 0.08333333 0.04166667 0.04166667
 0.04166667 0.04166667 0.04166667 0.04166667 0.04166667 0.04166667
 0.04166667 0.04166667 0.04166667 0.04166667 0.08333333 0.33333333
 0.70833333 0.08333333 0.125      0.04166667 0.04166667 0.08333333
 0.08333333 0.04166667 0.70833333 0.08333333 0.04166667 0.04166667
 0.08333333 0.04166667 0.04166667 0.04166667 0.04166667 0.04166667
 0.08333333 0.04166667 0.04166667 0.04166667 0.04166667 0.04166667
 0.04166667 0.04166667 0.04166667 0.04166667 0.04166667 0.08333333
 0.33333333 0.125      0.04166667 0.08333333 0.20833333 0.125
 0.16666667 0.25       0.04166667]

Cosine similarity:  
[[0.26330788]
 [0.35599562]
 [0.30005345]
 [0.27306682]
 [0.12457252]
 [0.32175064]
 [0.31360373]
 [0.37732407]
 [0.35780731]
 [0.23650038]
 [0.24750049]
 [0.44474067]
 [0.35674859]
 [0.28832935]
 [0.48141849]
 [0.61511697]
 [0.38929965]
 [0.49808759]
 [0.59237882]
 [0.18756927]
 [0.20469353]
 [0.24914503]
 [0.59543487]
 [0.47761824]]

Distance to centroid: (-1 * x) 
[[0.73669212]
 [0.64400438]
 [0.69994655]
 [0.72693318]
 [0.87542748]
 [0.67824936]
 [0.68639627]
 [0.62267593]
 [0.64219269]
 [0.76349962]
 [0.75249951]
 [0.55525933]
 [0.64325141]
 [0.71167065]
 [0.51858151]
 [0.38488303]
 [0.61070035]
 [0.50191241]
 [0.40762118]
 [0.81243073]
 [0.79530647]
 [0.75085497]
 [0.40456513]
 [0.52238176]]
