Pairwise similarity:  [[1.         0.06537205 0.06537205 0.22645541 0.         0.06362848
  0.         0.1672484  0.         0.         0.         0.05150262
  0.         0.         0.09376145 0.13222147 0.16317849 0.0877058
  0.14153463 0.         0.0877058  0.         0.11538462 0.0877058 ]
 [0.06537205 1.         0.11111111 0.09622504 0.         0.05407381
  0.05270463 0.14213381 0.07106691 0.         0.05407381 0.17507524
  0.04811252 0.         0.11952286 0.1573133  0.09245003 0.2236068
  0.16839383 0.         0.         0.13608276 0.16343011 0.186339  ]
 [0.06537205 0.11111111 1.         0.         0.         0.05407381
  0.15811388 0.14213381 0.14213381 0.08908708 0.05407381 0.17507524
  0.04811252 0.12598816 0.03984095 0.11236664 0.13867505 0.0372678
  0.09622504 0.         0.         0.         0.09805807 0.1490712 ]
 [0.22645541 0.09622504 0.         1.         0.         0.
  0.18257419 0.12309149 0.         0.         0.         0.0758098
  0.         0.21821789 0.06900656 0.15569979 0.08006408 0.12909944
  0.08333333 0.         0.         0.11785113 0.16984156 0.12909944]
 [0.         0.         0.         0.         1.         0.13245324
  0.         0.         0.         0.         0.         0.
  0.11785113 0.         0.09759001 0.         0.         0.
  0.         0.43643578 0.18257419 0.         0.08006408 0.        ]
 [0.06362848 0.05407381 0.05407381 0.         0.13245324 1.
  0.10259784 0.         0.06917145 0.         0.05263158 0.04260143
  0.18731716 0.         0.19389168 0.13124359 0.         0.10882144
  0.18731716 0.086711   0.07254763 0.06622662 0.15907119 0.10882144]
 [0.         0.05270463 0.15811388 0.18257419 0.         0.10259784
  1.         0.06741999 0.13483997 0.         0.05129892 0.08304548
  0.09128709 0.11952286 0.15118579 0.10660036 0.0877058  0.10606602
  0.11410887 0.         0.         0.12909944 0.12403473 0.07071068]
 [0.1672484  0.14213381 0.14213381 0.12309149 0.         0.
  0.06741999 1.         0.18181818 0.         0.         0.223957
  0.06154575 0.         0.10192944 0.22998383 0.2956562  0.23836565
  0.12309149 0.         0.         0.08703883 0.2090605  0.09534626]
 [0.         0.07106691 0.14213381 0.         0.         0.06917145
  0.13483997 0.18181818 1.         0.22792115 0.         0.223957
  0.12309149 0.0805823  0.15289416 0.17248787 0.11826248 0.19069252
  0.21541011 0.         0.         0.08703883 0.1672484  0.        ]
 [0.         0.         0.08908708 0.         0.         0.
  0.         0.         0.22792115 1.         0.         0.07018624
  0.         0.30304576 0.06388766 0.32433749 0.         0.
  0.15430335 0.         0.         0.         0.05241424 0.        ]
 [0.         0.05407381 0.05407381 0.         0.         0.05263158
  0.05129892 0.         0.         0.         1.         0.25560859
  0.09365858 0.         0.03877834 0.08749573 0.         0.07254763
  0.07024394 0.         0.         0.06622662 0.09544271 0.18136906]
 [0.05150262 0.17507524 0.17507524 0.0758098  0.         0.04260143
  0.08304548 0.223957   0.223957   0.07018624 0.25560859 1.
  0.0379049  0.         0.15694121 0.1593482  0.14567141 0.2642491
  0.17057206 0.         0.         0.10721125 0.23176179 0.17616607]
 [0.         0.04811252 0.04811252 0.         0.11785113 0.18731716
  0.09128709 0.06154575 0.12309149 0.         0.09365858 0.0379049
  1.         0.05455447 0.13801311 0.21408721 0.04003204 0.03227486
  0.16666667 0.15430335 0.12909944 0.05892557 0.1132277  0.22592403]
 [0.         0.         0.12598816 0.21821789 0.         0.
  0.11952286 0.         0.0805823  0.30304576 0.         0.
  0.05455447 1.         0.13552619 0.22934124 0.         0.
  0.10910895 0.20203051 0.08451543 0.07715167 0.1111874  0.08451543]
 [0.09376145 0.11952286 0.03984095 0.06900656 0.09759001 0.19389168
  0.15118579 0.10192944 0.15289416 0.06388766 0.03877834 0.15694121
  0.13801311 0.13552619 1.         0.20951397 0.06629935 0.24053512
  0.20701967 0.12777531 0.21380899 0.14638501 0.28128434 0.1069045 ]
 [0.13222147 0.1573133  0.11236664 0.15569979 0.         0.13124359
  0.10660036 0.22998383 0.17248787 0.32433749 0.08749573 0.1593482
  0.21408721 0.22934124 0.20951397 1.         0.20568834 0.22613351
  0.25301216 0.         0.         0.08257228 0.2247765  0.24120908]
 [0.16317849 0.09245003 0.13867505 0.08006408 0.         0.
  0.0877058  0.2956562  0.11826248 0.         0.         0.14567141
  0.04003204 0.         0.06629935 0.20568834 1.         0.1860521
  0.24019223 0.         0.         0.05661385 0.1903749  0.12403473]
 [0.0877058  0.2236068  0.0372678  0.12909944 0.         0.10882144
  0.10606602 0.23836565 0.19069252 0.         0.07254763 0.2642491
  0.03227486 0.         0.24053512 0.22613351 0.1860521  1.
  0.19364917 0.         0.         0.13693064 0.32889676 0.2       ]
 [0.14153463 0.16839383 0.09622504 0.08333333 0.         0.18731716
  0.11410887 0.12309149 0.21541011 0.15430335 0.07024394 0.17057206
  0.16666667 0.10910895 0.20701967 0.25301216 0.24019223 0.19364917
  1.         0.         0.03227486 0.02946278 0.35383657 0.22592403]
 [0.         0.         0.         0.         0.43643578 0.086711
  0.         0.         0.         0.         0.         0.
  0.15430335 0.20203051 0.12777531 0.         0.         0.
  0.         1.         0.47809144 0.         0.05241424 0.11952286]
 [0.0877058  0.         0.         0.         0.18257419 0.07254763
  0.         0.         0.         0.         0.         0.
  0.12909944 0.08451543 0.21380899 0.         0.         0.
  0.03227486 0.47809144 1.         0.         0.1315587  0.1       ]
 [0.         0.13608276 0.         0.11785113 0.         0.06622662
  0.12909944 0.08703883 0.08703883 0.         0.06622662 0.10721125
  0.05892557 0.07715167 0.14638501 0.08257228 0.05661385 0.13693064
  0.02946278 0.         0.         1.         0.16012815 0.        ]
 [0.11538462 0.16343011 0.09805807 0.16984156 0.08006408 0.15907119
  0.12403473 0.2090605  0.1672484  0.05241424 0.09544271 0.23176179
  0.1132277  0.1111874  0.28128434 0.2247765  0.1903749  0.32889676
  0.35383657 0.05241424 0.1315587  0.16012815 1.         0.2192645 ]
 [0.0877058  0.186339   0.1490712  0.12909944 0.         0.10882144
  0.07071068 0.09534626 0.         0.         0.18136906 0.17616607
  0.22592403 0.08451543 0.1069045  0.24120908 0.12403473 0.2
  0.22592403 0.11952286 0.1        0.         0.2192645  1.        ]]